y=[0.996662929254332	0.99663121135804	0.996678144193104	0.99212446939674	0.99631324927791	0.996299003851123	0.996551603711577	0.995361017282534	0.996382522098879	0.996447139591692	0.996610494758104	0.995915274021583	0.99621316762283	0.996621420789638	0.996524571839764	0.996643918472376	0.996630320123617	0.996669714782104	0.992665741416495	0.996332619948509	0.996183686561118	0.996459190317123	0.995294195145212	0.996172256550572	0.996530853466637	0.996384267475748	0.99585296961371	0.996336424040745	0.99631265814313	0.996564983221076	0.996614284183488	0.99654828009818	0.996566737165957	0.992146551994287	0.996386112057136	0.996518289511805	0.996509935549115	0.994635355163529	0.996506584105606	0.996511185562018	0.996428177121686	0.995753160577606	0.996208424335436	0.996494419291484	0.996450508683682	0.996639679758183	0.996471109380565	0.996661673937133	0.992134133329681	0.996332176755766	0.996362768215164	0.996467280247902	0.99483679640333	0.99612737830275	0.996566419305102	0.996569272121824	0.995580793710703	0.996343452722011	0.996325643934564	0.996591949834849	0.996089935369265	0.996469353160908	0.99652540232696	0.992989463994049	0.996315621583476	0.996477952647925	0.996355103026461	0.995319985197389	0.996378583239629	0.996613665180861	0.996636480112483	0.995950430901385	0.996462636206846	0.996615616689282	0.996575171356801	0.996304626149223	0.996553382213717	0.9966371147487	0.992389190082815	0.995955965378233	0.996488015698458	0.9962420146853	0.99518962092789	0.996262609210022	0.996548716866016	0.996264898653409	0.995880151412591	0.996405688674627	0.996313768875679	0.996473600643144	0.996222767782257	0.996432856547888	0.99658401092841	0.992326001429002	0.996376094625152	0.996209770717415	0.996346303464352	0.995355416173842	0.996337030145191	0.996422825406935	0.996448453240959	0.99568566220581	0.996521081690208	0.996398373087738	0.996617661917096	0.996499668517814	0.99639815114179	0.996509226876006	0.992346664879061	0.99631366203675	0.996223553461971	0.99626583803878	0.995342322659277	0.996283061158536	0.996224484022674	0.996526708712288	0.995766456720044	0.996465829411865	0.996313138043707	0.996388055224776	0.996380814010948	0.996364464729322	0.99638041257824	0.990565568978631	0.996106965935648	0.995980965600796	0.996057139565443	0.994964400230742	0.995881618024006	0.995987819569334	0.995992306279181	0.994917281993283	0.995981062075029	0.995993680953375	0.995966419506963	0.996381990944985	0.996354228238691	0.996389953597096	0.990714268234019	0.996041110196399	0.996077533931901	0.996006991812082	0.994785179200521	0.995980643434105	0.996078337695968	0.996051702624583	0.994579338656453	0.995974497378473	0.996135853250224	0.995888773493364	0.996134518141622	0.996265159045072	0.99621640736697	0.991165828841169	0.99601412194879	0.995824598850822	0.995866441448498	0.994334223867719	0.995798049000484	0.995926279534656	0.996085718439301	0.994330084238002	0.995818113989884	0.995888025170541	0.995904214383155	0.996175591311316	0.996203639175428	0.996297978510663	0.990916329834873	0.995826121981039	0.995705665312806	0.996004616467263	0.994197356043024	0.995790565397518	0.996067958704014	0.996060583419184	0.994610141897067	0.995905255997454	0.995880741017401	0.996032620949733	0.99583287336844	0.996015478068803	0.996245799082277	0.991322469599233	0.995886787686339	0.995936650672768	0.995811132669393	0.994816599960653	0.995749565049135	0.996012589183793	0.996026103105738	0.994897253543965	0.995729055018781	0.995930394662234	0.99580354112745	0.996038865452952	0.996124271498902	0.996206030504721	0.991543214110668	0.996144982020545	0.99592031521488	0.996108465035365	0.994638236801188	0.995705743750211	0.995977871343705	0.995963830227195	0.995041111917538	0.995590209179942	0.995882445807739	0.995983309790156	0.995917824673093	0.995969055948344	0.996157406612051	0.991022716524815	0.995830951546741	0.99580903585305	0.995952926806413	0.994468748908306	0.9957471604042	0.996117515618182	0.995995604872365	0.994697467348843	0.995810190174606	0.995866699957392	0.995888454773191	0.995980185861025	0.995858940581667	0.996006690474779	0.990957705917833	0.995477468628645	0.995915223833415	0.995895357578756	0.994887551724435	0.995798974818287	0.996032829800776	0.995894421122434	0.994878555368575	0.995544979834746	0.995864905100154	0.995915392186745	0.997778837358358	0.997807215531634	0.997799595222687	0.99300325035001	0.997629160264412	0.99749362113841	0.997459446299098	0.996921022054635	0.997509643004805	0.99771941383793	0.997717155283694	0.996868479749547	0.997678619724158	0.997629369680599	0.997681355425908	0.997776125348606	0.997818153883599	0.997812366511371	0.993316963885432	0.997435636487208	0.997471041982465	0.997694336334886	0.996831670041685	0.997676852836678	0.997670271081137	0.997807260137444	0.996892025900189	0.997552006682735	0.99769949791181	0.997645165819265	0.997488723854299	0.997747174286613	0.997786749858708	0.993553847672817	0.997438034485774	0.99726314694535	0.997667571373073	0.996629755658413	0.997590702276592	0.997684842746915	0.997502974349632	0.996739275899372	0.997716777785718	0.997727498794049	0.997673783377324	0.997645359084049	0.997752644505196	0.997825883875785	0.992751170667848	0.997546770364091	0.997146084185947	0.997521150534261	0.996660130278983	0.997603611813216	0.997327770247365	0.997732929386563	0.996809707063539	0.99761004463483	0.997709641592964	0.997760810779787	0.997533472667242	0.99762480125705	0.997627251499391	0.993299906207849	0.997514174727339	0.996996805224547	0.997624923698012	0.996788630429955	0.997432919678395	0.997587465309684	0.9976804303295	0.997047864938161	0.997667837117765	0.997768733396396	0.99781268551363	0.997362859537162	0.997460984961215	0.997541939432934	0.993758027558158	0.997192239916598	0.997270757432697	0.997712570649775	0.996760794643002	0.99763233521252	0.997497433978879	0.997607408845081	0.996956503415201	0.997605704892262	0.997762113925282	0.99774078448419	0.997458092805749	0.997286270596712	0.997603375724424	0.993182832572168	0.997433051789044	0.997126751371085	0.997456539202551	0.996713404707777	0.997485850535265	0.997707384794392	0.997487838169965	0.996959113297575	0.997665083649928	0.997704642237412	0.997692154444241	0.99716836775807	0.997505824009981	0.997313241398084	0.992709608697653	0.997415492687977	0.997246754219296	0.997640746726568	0.996746793195337	0.997611567389967	0.997516167624049	0.997709925530975	0.996948779633094	0.997502266583814	0.997705412224831	0.997613808092939	0.997451281434608	0.997412696724841	0.997450812013493	0.996133696066017	0.99745573880162	0.99742295400344	0.997482324246017	0.99687313699839	0.997449542638293	0.997418971111947	0.997479712479668	0.99688264653241	0.99742541968233	0.997411774915133	0.997473199382695	0.997436658390672	0.99743879898518	0.997464602876846	0.996162406998598	0.997441383607982	0.997400616307946	0.997486071751266	0.996811790614147	0.99742518804557	0.997418836051359	0.997483971248146	0.99684691667838	0.997441247144613	0.997430420439033	0.997470568979591	0.997486976768504	0.997404926704168	0.997466331630265	0.99611818057408	0.997448865534534	0.99740243512262	0.997465123773751	0.996671975870436	0.997453914378894	0.997449751448907	0.997446641371809	0.996818299601702	0.997450855013047	0.99740715845887	0.997484119522421	0.997459300988395	0.997376873277371	0.997431754248932	0.996311389393976	0.997452742415887	0.997383045273533	0.997447346802429	0.996680224012066	0.997462647974098	0.997418902434119	0.997466260928182	0.996797485726591	0.997411161731811	0.997407444217954	0.997464382281291	0.997461640822582	0.997468984496465	0.997485583464855	0.996360694293291	0.997478361821956	0.997460708443364	0.997506082467805	0.996807978512169	0.997465501653879	0.99744279742875	0.99748081446698	0.996941593198806	0.997465188874852	0.997436334044788	0.99751510305142	0.997472752273684	0.997451039171044	0.997485927639647	0.996224668448165	0.997443960921943	0.997419152196105	0.997477046959185	0.996753262686845	0.997461942908545	0.997427595879191	0.997501920784867	0.996948276520356	