y = [0.996727798926339	0.996689867195775	0.996771090050486	0.994263098289938	0.99661550601537	0.99667413423608	0.9967691925498	0.99552671934814	0.996746091794272	0.996716790980918	0.996739964152162	0.996034729573545	0.996687031860306	0.996687634471208	0.996749933548268	0.996716698450354	0.996694492731052	0.996750813825892	0.993061032969572	0.996761253959224	0.996605509268743	0.996756449298875	0.995231676437615	0.996707246627775	0.996696823399478	0.996761235700453	0.99596910158528	0.996749603013795	0.99671034798801	0.996755339237453	0.996752464702267	0.996631920002232	0.996738867608881	0.993044038983823	0.9965531840302	0.996689692936266	0.996724409606793	0.995266793132197	0.996529413985014	0.996671662414133	0.996803402935846	0.99591623690046	0.996700059769559	0.996728764398799	0.996708273460062	0.996636588506815	0.996723777654077	0.996691126579594	0.99413902999268	0.996618050631643	0.99658034118547	0.996753442179226	0.995595752353988	0.996590862219141	0.996733800610146	0.996734027669586	0.996225949163911	0.996753427944221	0.996757090872876	0.996808744781773	0.996724718561153	0.996709624340587	0.996764903644701	0.993229056644281	0.996733718412944	0.996669419710277	0.996681012721727	0.995527216787255	0.996619976237481	0.996716814419901	0.996786441227679	0.996163132139211	0.996687902122356	0.996719669732916	0.996774724242446	0.996657929600793	0.996694303256393	0.996720040730603	0.993286465177661	0.99668403247781	0.99660273538359	0.996747149823316	0.995662734292176	0.996800394875921	0.996726756382692	0.996745454069105	0.996124030555736	0.996651030501786	0.996722069142407	0.996777650060485	0.996650332969426	0.996649195058491	0.996765299614093	0.993898959527724	0.996727184090268	0.996652889976107	0.996740824698478	0.995752700655712	0.996527053320182	0.996681746915655	0.996753369959711	0.99607323532784	0.996634344121422	0.996631966106172	0.99670916375811	0.996411282574107	0.996427631640917	0.996408392753252	0.99164828415597	0.996300093745701	0.996379991192809	0.996403473035325	0.995142261256232	0.996361871790684	0.996352477669843	0.996386332634844	0.995270610622512	0.996444648759233	0.99639643913899	0.996094304215763	0.996409016832317	0.99637223513575	0.996409580502754	0.992953948343059	0.996427171223264	0.99603600115866	0.996194065552024	0.994811808128095	0.996050441137326	0.996325271493821	0.996375019844595	0.99488752588263	0.996377157185292	0.996240433130078	0.996269113508148	0.996409580502754	0.996399062057871	0.996440126130738	0.992844555650766	0.996051997365387	0.996217007803982	0.996382824910457	0.994706959303337	0.996418420399329	0.996313137630542	0.996303875425676	0.995086274583664	0.996376086810594	0.996338958416139	0.996416998155303	0.996105680294291	0.996272041047521	0.996414455106508	0.992255402810599	0.996377972593816	0.996278135922872	0.996076529876564	0.99519371896347	0.99604333819035	0.996371802133051	0.996255056094395	0.995365129714689	0.996023102620921	0.996236800188275	0.996145730233795	0.996399296576068	0.996400261610412	0.996444648759233	0.992656561138239	0.996403473035325	0.996260327858282	0.996453030408179	0.995164876043039	0.996193353576739	0.996251749443407	0.996276264745275	0.99551187235177	0.996111701210726	0.996261622142975	0.996430634948386	0.996378102327487	0.996149542194816	0.996406871149577	0.99243791191206	0.996342329827777	0.996246876922232	0.996351590267076	0.99510253042904	0.996323763773886	0.996374840364003	0.996411734692887	0.995542336982453	0.996304168511938	0.996359983140138	0.996405799120772	0.996299551998263	0.996165440602823	0.996378102327487	0.992850883852533	0.996103010110311	0.996253572202271	0.996296896438487	0.995210797816652	0.996117158221869	0.996412459578611	0.99626166289764	0.995367898230349	0.996095235227447	0.996081647980032	0.996279768995193	0.997822255554845	0.997962013670691	0.997903429764604	0.994855064901453	0.997851594260929	0.997876577956359	0.997884236838428	0.997025541104232	0.997879023644649	0.997789335532723	0.997929505066098	0.99712504844977	0.997917309896138	0.997918139716957	0.99788315218446	0.99786819555077	0.997957257444382	0.997932712145499	0.995145328754975	0.997806362447873	0.997866251927705	0.9978745065686	0.99679926017527	0.997834068270129	0.997854855551933	0.997853909008143	0.997038125663803	0.997877843908441	0.997878771992944	0.997845950072289	0.997885214126281	0.997874419593704	0.99791913324177	0.994632105964062	0.997785990857213	0.997911180937002	0.997919034356411	0.996817285778461	0.99786367652449	0.997880790699825	0.997924355410917	0.997078003782678	0.997869204205271	0.997848121770391	0.997913938857635	0.99783952816892	0.997863970705854	0.997814416246455	0.996078471017094	0.997773850777855	0.997596919320988	0.997774400234387	0.996941538117503	0.997751014017661	0.997916356130002	0.997879787399256	0.997226906375965	0.997803092671696	0.997929862421728	0.997941699391208	0.997811142067731	0.997799902605511	0.997720848410813	0.996477043667623	0.997895828379219	0.997817603941908	0.997860568621138	0.996950366186376	0.99792424765102	0.997869248406284	0.997796240229931	0.997097118440009	0.997924672581604	0.997925829779977	0.997915654710114	0.997907181064642	0.997816585913497	0.997862103406892	0.995379475588103	0.997825814625457	0.997854728828967	0.997935786750123	0.996932388673633	0.997730116973359	0.997839510273996	0.997864283124895	0.997237229563236	0.997873233544986	0.997878684693538	0.997900898370962	0.997835457779978	0.997571601814799	0.997897520641829	0.994101551469434	0.997725468057151	0.99786430542572	0.997874415390385	0.996945946007087	0.997796569245033	0.997938105791059	0.997916286740113	0.997227504157829	0.99780875385689	0.997844381403322	0.997842390232786	0.997492347532617	0.997568551778646	0.997531666068644	0.99666566776156	0.997565840944026	0.997475861598531	0.997563412158521	0.996889563774118	0.997495232962416	0.997497020094224	0.997558291176951	0.997050880764677	0.997526588901864	0.997512260933789	0.99755091430796	0.997534136688643	0.997506603153817	0.997551716043993	0.996581575183871	0.997534422870791	0.997522496429876	0.997531183851898	0.996771967364852	0.997556047861224	0.997499710706078	0.997543689490706	0.996928369428128	0.997571940436023	0.997475792946301	0.997561028485185	0.997517596585193	0.997478646508035	0.997501366470748	0.996708325139117	0.997536299242287	0.997448635280749	0.997493147273663	0.996835963344663	0.997545973555042	0.997486096523272	0.997518058059006	0.996942783080966	0.997472953660426	0.997502977682819	0.99750617234886	0.997532401826163	0.997522940278409	0.997559803119465	0.996804355235275	0.997579106798637	0.997525202055651	0.997552476184293	0.996956677417497	0.997515223303678	0.997491314384109	0.997529111055077	0.997171794506135	0.997540643747845	0.997489163654119	0.997557572281121	0.997519546906842	0.997519496574554	0.997560583131422	0.99689186628894	0.997494949015126	0.997547674420657	0.997557035995667	0.99692219372972	0.997546177458708	0.997512851695962	0.997548995616776	0.997153882681404	0.99755276435195	0.997457101727606	0.9975487693185	0.997525219852292	0.997498937944628	0.997537810234242	0.996767087942897	0.997496795502764	0.997525797256348	0.997538215838364	0.996832888731007	0.997520393768865	0.997498828435574	0.997549246415788	0.997098768425249	0.997542146773655	0.997550938306816	0.997552730652644	0.997523721319534	0.997470005470618	0.997523543132958	0.996719374742557	0.997532950030183	0.997490690114727	0.997539156835231	0.996842336585647	0.997567714217808	0.997501853766424	0.997524275497153	0.997050828986207	0.997519575949516	0.997484951192798	0.997556236501086	0.995992983152459	0.995937952395134	0.996010903105314	0.994242606806539	0.996002064806945	0.99596942284385	0.995993421852728	0.994936336824342	0.996008837151487	0.995954324591666	0.996037145761139	0.995229465453273	0.996004099790077	0.995941981127873	0.995987477858429	0.995985410543191	0.995957877251391	0.995976002424089	0.994117516220393	0.99600721811231	0.995949545444891	0.996000843633969	0.994672212900713	0.995975621190103	0.995916385288185	0.996025526276728	