y =                 [996.694514502394	996.731429490379	996.764615403191	996.680193468406	996.694964586639	996.732660003317	995.603039160572	996.752574766895	996.742454531374	996.723722121926	996.162529258496	996.5288000579	996.711979542294	996.761485982306	996.727798926339	996.689867195775	996.771090050486	996.615506015371	996.67413423608	996.7691925498	995.52671934814	996.746091794272	996.716790980918	996.739964152162	996.034729573545	996.687031860306	996.687634471208	996.749933548269	996.716698450355	996.694492731052	996.750813825892	996.761253959224	996.605509268743	996.756449298875	995.231676437615	996.707246627775	996.696823399478	996.761235700453	995.96910158528	996.749603013795	996.71034798801	996.755339237453	996.752464702267	996.631920002232	996.738867608881	996.5531840302	996.689692936267	996.724409606793	995.266793132197	996.529413985014	996.671662414133	996.803402935846	995.916236900461	996.700059769559	996.728764398799	996.708273460062	996.636588506815	996.723777654077	996.691126579594	996.618050631643	996.58034118547	996.753442179226	995.595752353988	996.590862219141	996.733800610146	996.734027669586	996.225949163911	996.753427944221	996.757090872876	996.808744781773	996.724718561153	996.709624340587	996.764903644702	996.733718412944	996.669419710277	996.681012721727	995.527216787255	996.619976237482	996.716814419901	996.786441227679	996.163132139211	996.687902122356	996.719669732916	996.774724242446	996.657929600793	996.694303256393	996.720040730603	996.68403247781	996.602735383591	996.747149823316	995.662734292177	996.800394875921	996.726756382692	996.745454069105	996.124030555736	996.651030501786	996.722069142407	996.777650060485	996.650332969426	996.649195058491	996.765299614093	996.727184090268	996.652889976107	996.740824698479	995.752700655712	996.527053320182	996.681746915655	996.753369959712	996.073235327841	996.634344121422	996.631966106172	996.70916375811	996.411144348403	996.402344506022	996.411472088758	996.278684600961	996.23211839975	996.395578249948	995.253467802725	996.235326259168	996.248249164914	996.441897164082	995.446833494485	996.164032431996	996.335442782294	996.411144348403	996.411282574107	996.427631640917	996.408392753252	996.300093745701	996.379991192809	996.403473035325	995.142261256232	996.361871790684	996.352477669843	996.386332634845	995.270610622512	996.444648759233	996.39643913899	996.094304215763	996.409016832317	996.37223513575	996.409580502754	996.427171223264	996.036001158661	996.194065552024	994.811808128095	996.050441137326	996.325271493821	996.375019844595	994.88752588263	996.377157185292	996.240433130078	996.269113508148	996.409580502754	996.399062057871	996.440126130738	996.051997365387	996.217007803982	996.382824910457	994.706959303337	996.418420399329	996.313137630542	996.303875425676	995.086274583664	996.376086810594	996.338958416139	996.416998155303	996.105680294291	996.272041047521	996.414455106508	996.377972593816	996.278135922872	996.076529876564	995.19371896347	996.04333819035	996.371802133051	996.255056094395	995.365129714689	996.023102620921	996.236800188275	996.145730233795	996.399296576068	996.400261610412	996.444648759233	996.403473035325	996.260327858282	996.453030408179	995.164876043039	996.193353576739	996.251749443407	996.276264745275	995.51187235177	996.111701210726	996.261622142975	996.430634948386	996.378102327487	996.149542194816	996.406871149577	996.342329827777	996.246876922232	996.351590267076	995.10253042904	996.323763773886	996.374840364003	996.411734692887	995.542336982453	996.304168511938	996.359983140138	996.405799120772	996.299551998263	996.165440602823	996.378102327487	996.103010110312	996.253572202271	996.296896438487	995.210797816652	996.117158221869	996.412459578611	996.26166289764	995.367898230349	996.095235227447	996.081647980032	996.279768995193	997.837227121764	997.928372501729	997.872844115126	997.882986886476	997.857412993825	997.847910575876	997.013699867525	997.894501200519	997.898950981451	997.901084699799	997.044455506095	997.831658691067	997.814897662746	997.878530608011	997.822255554845	997.962013670691	997.903429764604	997.851594260929	997.876577956359	997.884236838428	997.025541104232	997.879023644649	997.789335532723	997.929505066098	997.12504844977	997.917309896139	997.918139716957	997.88315218446	997.86819555077	997.957257444382	997.932712145499	997.806362447873	997.866251927705	997.874506568601	996.79926017527	997.834068270129	997.854855551933	...
