%T-test Cluster vs no cluster (no observations of combo cluster-group and
%cluster alone

Cluster_Avrg=[	996.31324927791	996.299003851123	996.551603711577	995.915274021583	996.21316762283	996.621420789638	996.524571839764	996.332619948509	996.183686561118	996.459190317123	995.85296961371	996.336424040745	996.31265814313	996.564983221076	996.386112057136	996.518289511805	996.509935549115	995.753160577606	996.208424335436	996.494419291484	996.450508683682	996.332176755766	996.362768215164	996.467280247902	995.580793710703	996.343452722011	996.325643934564	996.591949834849	996.315621583476	996.477952647925	996.355103026461	995.950430901385	996.462636206846	996.615616689282	996.575171356801	995.955965378234	996.488015698458	996.2420146853	995.880151412591	996.405688674627	996.313768875679	996.473600643144	996.376094625152	996.209770717416	996.346303464352	995.68566220581	996.521081690208	996.398373087738	996.617661917096	996.31366203675	996.223553461971	996.26583803878	995.766456720044	996.465829411865	996.313138043707	996.388055224776	996.106965935648	995.980965600796	996.057139565443	994.917281993283	995.981062075029	995.993680953375	995.966419506963	996.041110196399	996.077533931901	996.006991812082	994.579338656453	995.974497378473	996.135853250224	995.888773493364	996.01412194879	995.824598850822	995.866441448498	994.330084238002	995.818113989884	995.888025170541	995.904214383155	995.826121981039	995.705665312806	996.004616467263	994.610141897067	995.905255997454	995.880741017401	996.032620949734	995.886787686339	995.936650672768	995.811132669393	994.897253543965	995.729055018781	995.930394662235	995.80354112745	996.144982020545	995.92031521488	996.108465035365	995.041111917538	995.590209179942	995.882445807739	995.983309790156	995.830951546741	995.80903585305	995.952926806413	994.697467348843	995.810190174606	995.866699957393	995.888454773192	995.477468628645	995.915223833415	995.895357578756	994.878555368575	995.544979834747	995.864905100154	995.915392186745	997.629160264412	997.49362113841	997.459446299098	996.868479749547	997.678619724158	997.629369680599	997.681355425908	997.435636487208	997.471041982465	997.694336334886	996.892025900189	997.552006682735	997.69949791181	997.645165819265	997.438034485775	997.26314694535	997.667571373073	996.739275899372	997.716777785718	997.727498794049	997.673783377324	997.546770364091	997.146084185947	997.521150534262	996.809707063539	997.61004463483	997.709641592964	997.760810779787	997.514174727339	996.996805224547	997.624923698012	997.047864938161	997.667837117765	997.768733396396	997.812685513631	997.192239916598	997.270757432697	997.712570649775	996.956503415201	997.605704892262	997.762113925283	997.74078448419	997.433051789044	997.126751371085	997.456539202551	996.959113297575	997.665083649928	997.704642237412	997.692154444241	997.415492687977	997.246754219296	997.640746726568	996.948779633094	997.502266583814	997.705412224831	997.613808092939	997.455738801621	997.42295400344	997.482324246017	996.88264653241	997.425419682331	997.411774915133	997.473199382695	997.441383607982	997.400616307946	997.486071751266	996.84691667838	997.441247144613	997.430420439034	997.470568979591	997.448865534534	997.40243512262	997.465123773751	996.818299601702	997.450855013047	997.40715845887	997.484119522421	997.452742415887	997.383045273533	997.447346802429	996.797485726591	997.411161731811	997.407444217954	997.464382281291	997.478361821956	997.460708443364	997.506082467805	996.941593198806	997.465188874852	997.436334044788	997.51510305142	997.443960921943	997.419152196105	997.477046959185	996.948276520356	997.446374766455	997.408307699154	997.485200419578	997.432014096226	997.429845127379	997.471182423019	996.925472703926	997.459911966349	997.422369235931	997.46267878621	997.469507750555	997.401273404746	997.480477363814	996.922157059474	997.422366078908	997.391513482142	997.493798231408	995.936256653034	995.925885388504	995.957549568679	995.109426600724	995.937760012211	995.907217578436	995.929946706291	995.961988964201	995.902673334711	995.932886722802	995.033259417794	995.932431036741	995.898223012229	995.945155678892	995.943040402518	995.888739778891	995.934849845737	994.848723627478	995.937819634312	995.890644519912	995.96300121128	995.8943289949	995.868156097371	995.950210688827	994.879549463164	995.890686558493	995.852224266913	995.832285949537	995.965230688158	995.896699368028	995.949081299709	995.195308850851	995.925965787277	995.891054306741	995.956254673363	995.903318044866	995.883621488623	995.958956189833	995.169453049037	995.911108580093	995.891133969828	995.917553240119	995.909358220294	995.900108605754	995.950113980975	994.991345769895	995.926376051041	995.87086998504	995.953316381268	995.932591684619	995.866762870178	995.951329995842	994.984633178722	995.943054520838	995.876540289295	995.935909544679];
